[SouthEast England, UK]
LUTON=51.87833,-0.41472
LONDON=51.5072,0.1276
