[ws07_thermo_beacon]
ws07_thermo_beacon.mac_address=47:EF:00:00:01:12
ws07_thermo_beacon.tx_char_uuid=0000fff5-0000-1000-8000-00805f9b34fb
ws07_thermo_beacon.rx_char_uuid=0000fff3-0000-1000-8000-00805f9b34fb
ws07_thermo_beacon.table = sensor_thermo_beacon
ws07_thermo_beacon.location=51.87833,-0.41472

[dummy_sensor]
dummy_sensor.mac_address=00:00:00:00:00:00
